# constrained elimination order for 1_28_s.binary.uai; width = 17
230
0
47
174
44
19
70
130
25
171
117
24
173
17
148
42
13
51
181
63
215
89
6
115
179
12
170
16
27
46
48
45
49
37
204
121
78
36
128
132
176
186
69
67
172
175
126
124
203
75
84
86
2
71
20
65
15
77
147
146
50
30
34
161
116
68
101
140
192
83
3
108
158
185
220
95
55
43
136
212
206
92
150
149
223
166
107
144
61
199
119
219
14
80
189
31
106
35
38
87
180
139
141
81
99
26
127
123
167
56
207
194
82
33
23
28
29
214
133
134
224
41
164
198
197
85
169
10
145
59
201
193
225
183
178
221
163
160
105
18
112
210
209
90
96
32
118
52
222
165
122
168
40
39
156
74
125
187
226
64
66
88
110
109
72
213
54
53
157
60
155
159
227
228
229
216
217
218
4
98
97
79
76
153
154
162
191
184
188
190
177
5
73
196
22
21
103
104
195
100
102
111
152
1
143
151
94
7
8
9
91
93
129
131
137
138
142
182
202
211
205
11
57
58
62
113
114
120
135
200
208
