# constrained elimination order for 50-12-5.uai; width = 18
144
55
87
21
4
89
93
42
105
22
56
24
57
131
82
85
47
49
86
110
7
3
96
15
5
91
18
23
0
83
48
33
40
122
52
54
25
8
58
84
129
109
143
34
29
90
44
104
53
39
51
132
133
103
9
31
60
32
17
16
78
43
41
142
95
92
45
35
130
123
97
12
99
101
79
128
65
64
27
67
117
138
77
59
38
1
10
13
106
135
134
136
36
74
81
30
6
107
102
14
141
115
114
100
120
69
73
70
71
72
127
118
112
19
20
37
113
80
46
68
88
124
26
61
62
66
94
108
116
125
137
139
140
63
2
11
28
50
75
76
98
111
119
121
126
