# constrained elimination order for 50-16-5.uai; width = 24
256
98
162
216
31
166
188
89
215
168
66
219
46
239
189
243
11
255
88
207
54
28
160
103
105
161
157
20
25
228
121
48
126
233
164
87
9
90
93
158
104
77
30
190
27
24
4
250
159
191
196
10
179
3
92
42
237
226
127
165
100
85
218
194
14
91
249
152
183
101
22
118
182
153
99
97
64
139
107
95
240
39
208
140
138
175
75
133
16
117
70
184
0
83
229
15
142
13
177
81
238
173
122
59
68
8
252
148
203
202
248
119
227
145
144
146
21
181
56
57
112
120
217
49
128
180
244
52
41
209
143
154
224
197
115
185
113
205
193
35
136
61
130
155
102
163
206
62
172
111
65
2
96
214
151
253
131
129
132
222
223
40
6
33
38
86
72
110
47
45
109
178
141
134
156
225
210
204
213
12
123
50
116
58
251
69
7
37
195
17
149
108
150
167
29
67
147
236
241
23
43
63
124
125
198
199
211
169
170
171
176
53
51
114
192
135
174
212
220
106
1
5
26
71
76
242
32
18
19
55
73
74
78
79
80
84
200
201
245
246
247
82
34
36
44
60
94
137
186
187
221
230
231
232
234
235
254
