# MAP variables for cpcs422.uai; count = 126
126
331
330
312
45
100
212
239
340
348
262
310
77
78
81
82
311
261
75
345
346
258
255
194
273
172
321
250
251
215
65
79
80
210
106
189
105
96
98
371
11
112
164
104
108
288
322
323
329
216
135
64
342
343
361
252
89
158
228
229
234
338
42
43
223
339
337
328
306
41
413
383
246
245
237
236
235
113
102
86
61
333
351
87
352
314
83
72
59
6
40
206
207
238
324
326
377
388
389
414
144
32
0
1
163
173
175
178
29
38
385
363
362
320
305
294
256
242
226
136
39
184
240
183
88
347
25
