# constrained elimination order for cpcs422.uai; width = 22
422
0
1
2
3
4
5
6
7
8
9
10
11
12
13
14
15
16
17
18
19
20
22
23
26
27
33
36
37
38
39
41
42
43
44
45
46
47
48
51
52
53
54
55
56
57
58
61
62
63
64
65
66
67
68
69
70
71
72
75
76
77
78
79
80
81
82
84
85
87
90
92
94
95
96
97
98
99
100
101
102
103
104
105
107
108
109
110
111
112
113
115
116
117
118
119
120
121
122
123
124
125
126
127
128
129
131
136
137
138
139
140
141
142
143
144
145
146
147
148
149
150
151
152
154
155
156
157
158
159
160
161
163
165
166
167
168
169
170
171
172
173
174
175
176
177
178
179
180
181
182
183
184
185
186
187
188
192
193
194
195
196
197
198
199
200
201
202
203
204
205
206
207
209
212
213
219
221
222
223
225
226
227
228
229
230
233
234
235
236
237
238
239
240
241
242
243
244
245
246
247
248
249
250
251
252
253
254
256
257
259
260
262
263
264
265
266
267
268
269
270
271
272
273
274
275
276
277
278
279
280
281
282
283
286
287
288
289
290
291
292
293
294
295
297
298
299
300
301
303
304
305
306
307
308
309
311
313
314
315
316
317
318
319
320
321
322
323
324
325
326
327
328
329
332
333
334
335
337
338
339
340
342
343
344
345
346
347
348
349
350
351
352
353
354
355
356
357
358
359
360
361
362
363
364
365
366
367
368
369
370
371
372
373
374
377
378
381
382
383
384
385
387
388
389
390
391
392
393
394
395
396
398
399
400
401
403
404
405
406
407
408
409
410
411
412
413
414
416
417
418
419
420
232
208
217
302
336
21
30
88
106
415
93
91
224
380
376
216
153
231
134
402
421
375
60
31
130
74
73
296
285
284
114
34
35
132
133
162
386
191
397
50
214
24
211
220
49
28
190
218
341
379
25
29
32
40
59
83
86
89
135
164
189
210
215
255
258
261
310
312
330
331
