# constrained elimination order for munin.uai; width = 8
1041
12
16
18
19
21
27
33
38
44
48
52
54
55
56
58
67
68
71
72
73
75
83
84
88
90
91
96
97
98
108
112
116
118
119
120
121
122
124
125
127
128
130
131
132
133
134
135
136
137
138
139
141
147
148
150
153
154
155
157
163
164
165
169
170
172
179
180
181
183
184
185
193
204
212
213
217
228
231
235
236
241
242
244
251
255
256
257
258
262
275
277
281
282
283
284
290
293
294
296
300
303
304
305
308
312
313
319
320
325
326
327
332
334
335
336
337
338
340
341
343
344
346
347
348
349
350
351
352
353
354
355
360
363
364
366
367
371
372
373
378
381
383
384
385
387
391
392
397
401
402
403
404
411
412
414
418
421
422
423
432
437
441
448
450
451
452
453
454
456
457
459
460
462
463
464
465
466
467
468
469
473
474
476
477
481
485
487
488
489
491
499
500
501
502
505
508
510
511
517
518
519
521
526
533
537
539
540
542
548
554
559
565
569
571
573
574
575
577
586
587
590
591
592
594
601
602
606
608
609
614
615
616
626
630
634
636
637
638
639
640
642
643
645
646
648
649
650
651
652
653
654
655
656
657
659
665
666
668
671
672
673
675
681
682
683
687
688
690
697
698
699
707
718
726
727
731
742
745
749
750
755
756
758
765
769
770
771
772
776
789
791
795
796
797
798
804
807
808
810
814
817
818
819
822
826
827
833
834
839
840
841
846
848
849
850
851
852
854
855
857
858
860
861
862
863
864
865
866
867
868
869
874
877
878
880
881
885
886
887
892
895
897
898
899
901
905
906
911
915
916
917
918
925
926
928
932
935
936
937
946
951
955
962
964
965
966
967
968
970
971
973
974
976
977
978
979
980
981
982
983
987
988
990
991
995
999
1001
1002
1003
1005
1013
1014
1015
1016
1019
1022
1024
1025
1031
1032
1033
1035
1040
280
279
110
115
628
633
748
747
234
233
790
768
627
272
274
794
793
41
835
276
254
109
4
3
562
321
786
788
271
785
589
588
560
563
568
561
20
22
32
10
37
13
17
443
14
129
85
123
126
107
117
87
525
520
30
23
45
31
47
551
553
566
767
1039
1034
764
957
961
956
960
959
585
584
631
26
763
209
547
114
516
504
632
902
900
815
903
914
813
859
904
253
461
455
458
440
449
417
419
492
490
531
558
534
538
1006
1004
933
931
975
1007
1012
370
365
368
912
907
811
809
167
166
178
572
541
543
544
552
670
667
669
664
535
70
69
503
5
723
39
42
40
86
168
106
66
685
684
696
605
603
647
686
757
728
415
413
480
475
478
214
524
523
564
431
691
689
1036
1038
1008
472
479
113
65
513
512
369
362
240
194
273
442
447
239
237
152
149
151
146
245
250
777
784
792
361
356
219
680
674
676
679
929
927
243
36
557
836
847
838
853
856
741
53
896
894
439
446
445
162
156
158
161
322
333
278
324
339
342
345
725
1011
436
578
576
265
259
695
486
484
173
171
493
498
779
773
382
380
930
969
972
954
963
358
177
994
989
992
377
947
494
509
522
845
842
203
263
218
515
506
514
507
497
837
844
230
416
246
733
1030
1018
759
43
1000
998
805
799
299
301
388
386
730
604
641
644
625
635
774
953
1029
142
140
1037
176
160
379
374
145
1021
1017
1020
76
74
261
483
389
400
1027
1026
677
390
746
812
232
893
888
399
393
997
297
295
331
328
660
658
891
376
323
330
913
663
595
593
884
879
882
59
57
890
802
909
875
870
883
291
285
876
872
1028
1023
754
708
694
743
753
751
227
292
717
950
398
993
986
600
211
288
395
624
581
470
269
329
783
843
705
247
224
221
716
359
871
781
787
775
661
309
202
49
6
35
248
143
225
191
761
738
735
434
823
985
948
556
762
739
229
238
720
724
721
722
719
736
760
740
732
546
550
316
306
314
307
315
210
267
270
260
205
207
208
222
249
226
206
216
830
820
828
821
829
938
939
186
197
192
629
579
82
570
613
610
617
618
619
599
375
99
100
60
62
111
424
425
996
298
24
46
81
744
752
51
428
433
444
435
482
471
159
410
101
92
34
2
11
711
700
706
945
958
949
984
95
943
806
196
195
199
198
710
709
713
712
678
529
889
715
704
555
532
567
530
536
545
549
583
580
622
662
924
623
582
611
612
64
61
104
144
15
9
25
29
28
105
63
93
94
782
778
873
701
714
729
737
734
766
780
824
825
268
264
357
252
223
215
200
187
201
190
220
266
310
311
908
910
831
803
800
801
816
832
703
702
1009
1010
923
922
952
934
944
941
919
920
921
940
942
394
396
317
289
286
287
302
318
189
188
693
692
620
596
597
598
607
621
528
527
7
426
427
438
496
495
429
406
405
407
409
420
408
430
182
174
175
102
0
1
78
79
89
8
50
77
80
103
