# MAP variables for munin.uai; count = 312
312
103
121
122
123
126
80
124
125
127
128
77
50
8
184
89
132
134
135
136
137
78
79
81
1
82
0
74
86
159
144
175
102
182
73
76
131
129
87
85
160
143
174
63
94
183
430
942
7
72
75
130
88
84
161
145
176
119
61
64
105
93
453
454
455
458
408
940
185
6
507
1023
28
702
188
527
83
158
140
177
62
65
111
106
104
95
456
457
459
460
420
921
49
506
514
1028
25
29
9
703
189
528
162
156
139
142
171
168
57
60
66
109
113
117
51
92
464
466
467
468
469
409
407
920
5
505
509
522
515
1026
1037
1020
24
31
46
15
734
832
220
318
549
621
163
157
155
138
141
146
170
173
178
166
56
59
69
110
112
114
120
107
53
91
101
410
405
919
3
512
523
503
1025
1027
1038
1036
1017
26
23
30
45
43
11
729
737
714
851
852
853
856
816
215
223
190
337
338
339
342
302
545
567
536
639
640
641
644
607
154
151
169
172
179
180
181
165
167
55
58
68
70
115
108
133
118
54
52
90
100
416
406
996
941
984
944
4
511
513
521
524
504
1024
1022
1034
1035
1021
27
32
22
44
47
40
14
2
34
728
732
740
701
854
855
857
858
862
864
865
866
867
801
214
216
206
201
340
341
343
344
348
350
351
352
353
287
546
564
550
530
642
643
645
646
650
652
653
654
655
598
152
149
164
67
71
116
99
463
461
419
413
482
471
495
429
997
985
967
968
