# MAP variables for or_chain_4.fg.uai; count = 207
207
166
610
592
609
611
574
35
23
222
552
214
484
464
460
417
405
373
346
321
311
285
255
250
235
230
229
226
167
121
84
78
44
16
95
562
371
389
358
310
203
150
184
296
110
569
600
109
301
493
91
567
153
429
4
564
142
382
440
651
205
400
462
307
243
67
480
566
298
138
461
463
305
572
186
448
513
470
565
297
300
99
393
306
303
571
139
103
450
445
369
521
224
187
125
299
568
403
100
302
304
570
309
22
449
452
446
443
363
3
523
518
136
107
218
404
401
397
563
193
77
234
308
573
328
451
447
444
441
366
361
55
522
525
519
516
582
542
93
402
395
398
102
176
501
185
442
368
364
362
359
370
510
524
520
517
514
472
279
14
50
394
396
399
391
336
172
367
19
365
113
360
511
437
515
409
259
39
69
190
221
390
392
617
557
53
137
189
213
238
512
436
438
15
281
534
71
82
257
623
208
290
156
258
439
578
584
548
