# MAP variables for or_chain_10.fg.uai; count = 226
226
427
374
342
309
284
260
235
219
196
167
149
36
17
9
153
415
438
365
381
327
247
194
164
116
126
86
117
423
407
108
148
359
67
371
322
48
104
419
268
440
99
373
106
330
182
61
44
372
195
425
367
28
97
84
424
426
119
143
59
203
175
300
56
366
417
162
98
145
210
202
393
444
307
295
169
90
369
421
332
403
4
204
215
200
439
392
133
308
301
299
293
377
435
416
328
370
368
422
420
331
340
92
355
130
205
217
211
201
199
118
391
71
384
43
302
297
289
294
376
379
244
431
329
418
341
333
226
406
75
2
6
16
208
218
216
213
159
10
198
346
442
383
113
26
303
298
296
286
291
375
378
380
243
150
429
433
161
110
337
227
221
404
319
357
401
323
272
134
209
206
47
123
132
214
212
197
345
348
441
443
382
109
304
95
158
49
285
288
292
290
240
245
437
428
430
434
432
338
335
230
220
223
405
321
53
358
356
402
136
325
57
270
282
362
409
131
176
18
207
70
144
81
147
138
172
23
