# constrained elimination order for or_chain_4.fg.uai; width = 33
691
1
2
5
6
8
9
11
13
14
17
18
19
20
21
23
24
25
28
29
30
31
32
33
34
35
36
37
38
39
40
42
43
45
46
47
49
50
52
53
54
57
59
60
61
62
63
64
65
66
68
69
71
72
73
74
76
77
79
80
81
82
85
86
88
89
90
93
94
96
97
98
104
105
107
111
112
113
115
116
117
118
119
120
122
124
125
126
127
128
129
130
132
133
134
135
137
143
145
146
147
151
152
154
155
157
158
159
161
162
164
165
166
168
171
173
175
177
178
179
183
187
189
190
191
192
193
194
196
197
198
199
202
204
209
211
212
213
214
216
218
220
221
222
223
225
227
228
231
232
233
234
236
237
238
241
242
245
246
248
249
251
252
253
257
260
261
262
263
264
434
453
508
526
609
612
628
608
344
433
431
430
618
619
428
621
426
424
423
421
419
422
418
420
425
51
626
625
624
627
598
345
294
295
293
291
297
299
300
565
302
304
570
577
575
314
316
318
581
320
322
324
323
325
594
315
593
313
477
585
414
586
522
329
449
631
629
633
630
635
634
636
637
639
638
632
641
642
644
646
645
640
643
647
648
650
652
654
655
656
653
649
657
277
275
274
541
272
540
659
661
663
662
664
666
668
669
667
665
411
671
673
675
676
677
678
680
682
681
674
683
684
679
685
686
687
688
690
689
672
383
670
148
614
512
335
333
337
339
603
602
439
10
590
524
451
488
380
378
377
375
374
372
376
348
349
454
527
265
56
528
266
530
268
532
455
499
379
555
461
365
367
368
364
545
362
360
509
359
435
258
436
288
402
404
401
399
406
468
537
353
355
354
356
490
308
366
465
270
398
396
394
395
392
390
391
388
256
550
283
549
106
254
350
338
601
410
332
463
496
244
520
370
588
479
292
561
517
444
278
547
384
357
482
41
533
442
515
471
195
494
361
622
506
606
458
485
553
571
102
286
502
544
473
611
610
597
200
176
298
566
215
149
330
558
387
306
583
539
447
342
568
169
556
475
416
327
280
170
144
26
403
180
273
205
504
303
535
408
616
658
492
432
519
446
438
511
573
595
351
456
267
529
160
469
466
459
487
531
412
427
589
579
282
551
341
605
559
498
381
563
397
309
139
599
386
407
312
576
525
452
319
500
507
620
210
481
334
289
182
75
543
326
514
441
201
491
305
538
276
474
114
457
99
363
83
554
462
437
510
284
55
3
615
100
393
495
660
415
478
587
572
503
607
206
343
0
101
123
331
385
443
516
486
141
92
287
307
450
523
70
240
188
217
181
340
174
505
604
140
536
467
271
163
483
560
138
400
58
247
142
153
564
567
580
27
108
623
347
352
613
369
546
445
518
12
48
207
219
317
578
239
497
290
591
413
476
584
548
281
596
301
569
15
409
472
582
7
269
534
521
448
489
87
156
131
208
513
67
440
617
336
501
557
172
185
259
279
542
328
22
103
186
243
382
429
493
600
136
224
470
480
651
296
4
91
109
110
150
184
203
310
358
371
389
562
95
16
44
78
84
121
167
226
229
230
235
250
255
285
311
321
346
373
405
417
460
464
484
552
574
592
